4752
123
3768
1182
4686
985
730
3432
3722
2523
4082
2090
810
235
2111
3980
4089
937
4964
3837
3005
3381
4758
403
3880
960
1470
4429
4052
337
1752
4486
2895
1157
2726
2551
4841
153
1866
2748
1367
3033
4918
3832
3196
359
3507
3237
1909
3521
776
4176
4125
223
4714
4640
6
4710
3068
3331
4331
839
1732
1961
2977
876
4103
4005
2680
4517
3064
3101
4161
574
2637
1543
3350
3902
4602
4969
1067
981
1577
2189
627
4637
1382
1924
3736
3180
3590
637
1128
2027
172
2420
3100
135
444
189
4524
736
2147
4229
2652
1975
4462
4467
760
851
3045
4965
1240
3016
3046
926
3562
4704
951
4722
4134
3784
4426
2323
1156
1664
4495
1359
4643
3802
4574
4463
4932
1848
4067
4200
2707
1035
329
704
3291
2972
4642
2462
2599
3634
3776
1452
3302
818
1754
1350
2762
225
4954
3822
258
578
3412
1151
4717
1252
4819
4255
4371
3874
4414
505
3737
652
2718
3833
4852
4926
4536
2731
2725
4750
3812
1199
275
2288
2142
591
1215
4066
2459
1179
1828
2028
3337
1329
3694
374
3974
943
1304
1936
2588
1824
2544
1166
1844
2995
246
2231
676
4286
3553
1288
2684
4667
946
2849
155
1061
1348
2936
1415
1194
2294
4090
4683
1598
111
3985
441
2539
3293
1235
1333
3165
1516
3143
2182
763
1986
1092
1557
4972
4931
1768
3960
3254
4725
1279
890
162
3523
431
4679
3415
3843
3456
2625
1435
1224
3167
4899
4802
2223
495
1448
4434
3540
4075
1234
1839
2942
625
1069
475
696
703
1204
1535
4789
3922
2436
4181
2371
1787
2314
4532
66
4863
885
1520
203
236
2048
4543
1926
4771
633
4669
311
2357
334
2299
1263
32
4721
4284
188
328
486
4114
2790
3108
2134
4697
1190
2791
434
1744
4825
4775
2099
476
2917
1392
3675
3260
1274
2770
3895
3991
3719
3556
1424
1963
1068
3356
3627
182
2388
3690
4130
454
4946
245
2202
2302
2321
1496
684
4910
3354
4491
741
4417
3345
4731
2830
1627
2005
3996
2803
4647
2170
174
615
4251
3536
377
1892
2429
2963
928
2641
65
159
2086
541
930
4260
2120
4028
343
1125
4177
3048
310
3379
470
1024
2236
350
149
2795
2074
3566
78
443
2704
1077
18
681
2654
1607
2667
737
4287
2012
1260
3764
3094
3467
4700
4131
1018
3879
4077
1710
712
3741
1973
2729
1074
3375
4368
2809
3734
4660
463
2639
4973
3967
2593
3447
2152
4601
683
3434
3593
3774
4898
1007
314
1137
4500
2490
3908
3965
4754
667
4236
1441
2504
2921
1705
3597
4403
324
1521
4115
3625
4369
1343
2519
278
977
2714
2766
4367
488
3147
3829
3900
1930
2521
1987
254
4626
1869
2087
993
4038
1940
3931
912
249
3197
4208
4506
4942
3435
2650
133
4782
2882
3538
4737
1566
1858
60
1237
4735
2888
2664
503
2870
1984
2192
1945
3731
1556
2700
4112
1880
221
257
4709
3162
183
3660
3140
446
2747
1250
1600
1931
3605
692
1760
905
756
3723
2091
4012
605
2787
1530
2651
1827
284
1070
1942
1214
96
114
1086
4861
933
1097
2987
1256
3948
1389
2925
2161
3726
3172
2735
2057
423
4824
2165
2416
3823
3836
4550
1243
448
3794
4338
3743
4595
1498
4193
4182
1791
1361
3916
4546
3472
900
2978
4353
4333
3666
1781
3304
198
4961
2687
2734
4471
4883
2794
2876
2126
1446
4376
3525
70
3371
1823
1016
2967
1685
2085
107
3071
3003
518
3799
828
3635
2931
3818
4342
1103
3156
618
2008
4571
2447
4358
1599
3964
2515
1445
351
4439
124
3301
1564
4705
903
3159
640
3541
554
3847
3475
2049
1749
1143
731
3579
195
1141
2214
669
4196
3426
3280
1372
2686
4450
4538
3031
3807
1993
1004
4501
143
1506
2030
2015
2081
1968
1285
3623
3035
3247
3932
777
2206
1927
83
4178
4094
1358
987
4995
3192
1308
3917
4525
1012
4093
3043
2554
1155
2868
2879
4377
3993
2839
3596
1731
238
559
2848
4648
4210
2171
3040
2690
1059
2600
4479
822
4095
1997
199
2533
1908
639
2384
4582
4080
411
416
455
4756
3851
3571
1450
4535
2009
3062
3212
3051
3274
3241
1261
3589
2372
1647
4144
1625
4897
3966
4846
1138
88
1000
4906
1117
825
2282
1981
3870
4925
4830
3976
4053
3909
4015
4870
571
4042
1965
1706
1716
524
1980
2736
550
921
842
1650
614
3307
3185
320
3085
3821
857
596
1039
902
3516
3038
3175
2217
1816
382
462
4715
3999
1673
1202
2866
1805
420
4230
1380
3608
672
3811
2296
251
774
1213
4912
4843
2973
4220
4171
3279
4566
2658
1271
1053
613
1559
1335
368
861
3407
500
4986
4310
2800
2732
1457
3061
1862
4121
4797
3997
3761
4698
2186
1724
2256
4894
3751
648
957
4051
2033
773
2779
3458
3983
3534
3554
286
250
4728
2901
1187
958
95
1291
629
372
4578
1135
2922
2492
1726
3022
1399
4657
2603
4791
2633
3080
4877
1513
2813
3081
2602
3941
590
4723
3616
2756
1539
4380
4968
3074
2679
4836
565
602
2411
425
3135
4837
1679
3552
1604
3191
1384
1955
2204
3856
2035
4757
1030
557
4580
1284
2865
4392
2505
3551
3463
1611
2703
142
2609
2149
3505
3228
385
356
4384
754
2525
4217
4123
4939
4240
1959
2898
1428
4652
1438
3961
586
3164
1867
1641
2260
4268
2583
780
218
4278
3859
3714
4621
2786
483
3863
4370
2079
1110
4311
231
689
4201
621
1515
588
1096
2274
2499
3114
3099
570
523
2173
3320
784
2591
2713
1614
4997
4785
1859
200
1871
115
3708
1582
3846
3368
2937
3018
417
262
1547
1113
1509
2205
4438
616
99
749
4335
2642
4209
3342
3884
3249
4197
2319
1109
2285
4001
